timestamp,price_dollar,sells
1404262800000,62.88,1
1404349200000,60.441,3
1404435600000,54.001,1
1404522000000,53.987,1
1404608400000,53.99,1
1405126800000,67.9,1
1405213200000,91.06,2
1405472400000,55.25,1
1405558800000,37.996,1
1405645200000,43.288,2
1405818000000,39.196,5
1405990800000,34.222,4
1406077200000,42.824,2
1406250000000,30.943,1
1406336400000,39.99,1
1406422800000,40.12,2
1406509200000,39.298,2
1406595600000,39.829,3
1406682000000,34.943,3
1406768400000,36.88,2
1406854800000,39.62,1
1406941200000,39.317,1
1407027600000,39.88,2
1407114000000,50.72,1
1407200400000,45.26,1
1407459600000,31.023,1
1407546000000,35.411,2
1407632400000,5.72,1
1407805200000,31.912,2
1407891600000,33.347,1
1407978000000,33.382,3
1408064400000,30.997,3
1408237200000,27.625,4
1408323600000,35.268,5
1408410000000,40.15,1
1408496400000,40.11,1
1408755600000,41.28,1
1408842000000,39.8,1
1408928400000,54.052,1
1409014800000,51.43,1
1409101200000,47.579,4
1409187600000,59.891,3
1409274000000,52.996,3
1409446800000,54.243,3
1409533200000,54.176,3
1409619600000,52.64,1
1409706000000,55,1
1409792400000,57.5,1
1409878800000,52.63,1
1409965200000,53.98,1
1410051600000,54.051,3
1410138000000,55.935,2
1410224400000,46.571,2
1410310800000,53.267,4
1410397200000,51.873,4
1410483600000,77.101,1
1410656400000,56.307,2
1410742800000,62.25,2
1410829200000,53.787,2
1410915600000,58.776,5
1411088400000,60.89,1
1411174800000,62.8,1
1411261200000,52.601,10
1411347600000,60.26,1
1411434000000,52.785,6
1411520400000,60.26,1
1411606800000,55.165,2
1411693200000,65.83,1
1411779600000,55,1
1411866000000,48.643,3
1412038800000,49.345,3
1412125200000,45.725,6
1412211600000,59.173,3
1412384400000,56.99,2
1412470800000,57.349,6
1412557200000,58.788,2
1412643600000,61.45,2
1412730000000,62.358,4
1412816400000,69,1
1412989200000,61.172,3
1413075600000,69,1
1413162000000,61.419,2
1413248400000,59.567,4
1413334800000,66.489,1
1413507600000,48.502,3
1413594000000,59.38,5
1413680400000,56.982,1
1413853200000,51.779,8
1413939600000,60.489,2
1414026000000,61.98,1
1414112400000,68.45,3
1414198800000,57.765,8
1414285200000,56.834,5
1414458000000,47.17,4
1414544400000,50.227,3
1414630800000,63.365,2
1414717200000,49.02,3
1414803600000,57.625,5
1414890000000,55.907,5
1414976400000,48.985,2
1415062800000,57.394,2
1415235600000,59.843,2
1415322000000,48.372,2
1415408400000,42.29,1
1415494800000,51.57,5
1415581200000,54.21,1
1415667600000,50.054,3
1415754000000,47.379,4
1415840400000,44.07,5
1415926800000,42.267,3
1416013200000,36.475,6
1416099600000,31.025,3
1416186000000,33.732,2
1416272400000,34.51,1
1416358800000,24.47,1
1416445200000,27.202,10
1416531600000,26.65,1
1416618000000,23.126,4
1416704400000,20.668,8
1416790800000,22.624,6
1416877200000,26.579,2
1416963600000,26.37,3
1417050000000,26.892,7
1417136400000,27.105,3
1417222800000,28.933,3
1417309200000,21.711,4
1417395600000,16.728,4
1417482000000,17.047,4
1417568400000,18.23,10
1417654800000,18.766,4
1417741200000,19.378,8
1417827600000,22.627,7
1417914000000,21.296,5
1418000400000,18.918,6
1418086800000,20.653,5
1418173200000,22.888,5
1418259600000,29.596,12
1418346000000,27.314,6
1418432400000,29.166,4
1418518800000,29.843,5
1418605200000,31.444,5
1418691600000,35.55,1
1418778000000,27.485,4
1418864400000,27.5,1
1418950800000,25.559,5
1419037200000,29.987,5
1419123600000,31.529,4
1419210000000,30.218,4
1419296400000,25.834,1
1419382800000,30.931,6
1419469200000,30.657,5
1419555600000,31.9,1
1419642000000,28.987,7
1419728400000,32.802,3
1419814800000,30.48,4
1419901200000,29.291,3
1419987600000,29.717,5
1420074000000,34.165,4
1420160400000,29.993,3
1420246800000,24.873,3
1420333200000,28.515,6
1420419600000,27.191,4
1420506000000,29.092,7
1420592400000,30.109,4
1420678800000,32.961,4
1420765200000,29.098,2
1420851600000,27.143,2
1420938000000,24.235,8
1421024400000,20.881,3
1421110800000,26.264,3
1421197200000,27.461,5
1421283600000,30.508,1
1421370000000,28.91,2
1421456400000,26.043,6
1421542800000,26.236,2
1421629200000,27.032,1
1421715600000,25.952,4
1421802000000,27.61,5
1421888400000,24.335,8
1421974800000,26.461,7
1422061200000,27.081,5
1422147600000,26.206,9
1422234000000,27.691,6
1422320400000,29.367,3
1422406800000,27.036,3
1422493200000,29.175,5
1422579600000,27.938,5
1422666000000,26.447,9
1422752400000,27.159,6
1422838800000,26.97,4
1422925200000,26.711,5
1423011600000,25.24,5
1423098000000,26.279,4
1423184400000,26.117,6
1423270800000,27.545,4
1423357200000,23.872,9
1423443600000,26.384,4
1423530000000,24.953,6
1423616400000,24.205,6
1423702800000,27.125,4
1423789200000,26.314,6
1423875600000,26.385,10
1423962000000,24.019,6
1424048400000,27.011,6
1424134800000,25.338,7
1424221200000,27.482,4
1424307600000,27.391,3
1424394000000,24.921,2
1424480400000,23.66,9
1424566800000,22.004,6
1424653200000,24.396,6
1424826000000,25.439,4
1424912400000,24.728,11
1424998800000,25.894,5
1425085200000,25.95,6
1425171600000,27.765,8
1425344400000,24.593,6
1425430800000,28.071,3
1425517200000,26.478,3
1425603600000,25.526,7
1425690000000,27.376,7
1425776400000,30.326,9
1425862800000,29.809,4
1425949200000,31.829,4
1426035600000,30.128,3
1426208400000,30.446,3
1426294800000,29.461,7
1426381200000,27.007,8
1426467600000,28.66,4
1426554000000,31.735,4
1426640400000,29.585,2
1426726800000,29.553,3
1426813200000,29.711,3
1426899600000,29.387,4
1426986000000,27.284,8
1427072400000,25.592,11
1427158800000,30.345,7
1427245200000,30.657,3
1427331600000,32.325,3
1427418000000,28.579,4
1427504400000,30.095,4
1427590800000,27.116,8
1427677200000,30.738,11
1427763600000,36.548,2
1427850000000,25.919,13
1427936400000,23.691,18
1428022800000,23.541,19
1428109200000,25.875,7
1428195600000,21.533,23
1428282000000,21.899,8
1428368400000,23.261,11
1428454800000,22.048,17
1428541200000,23.167,15
1428627600000,24.074,12
1428714000000,23.588,13
1428800400000,23.604,18
1428886800000,23.864,8
1428973200000,22.496,9
1429059600000,20.566,8
1429146000000,18.453,5
1429232400000,15.597,12
1429318800000,15.209,13
1429405200000,15.466,18
1429491600000,13.938,19
1429578000000,15.967,19
1429664400000,16.166,9
1429750800000,16.455,11
1429837200000,16.993,13
1429923600000,20.25,13
1430010000000,21.289,6
1430096400000,23.695,6
1430182800000,18.06,13
1430269200000,18.938,10
1430355600000,19.825,7
1430442000000,16.827,26
1430528400000,17.273,5
1430614800000,19.686,5
1430701200000,17.032,19
1430787600000,17.181,8
1430874000000,16.456,21
1430960400000,17.448,20
1431046800000,18.144,11
1431133200000,17.181,14
1431219600000,18.043,16
1431306000000,15.638,6
1431392400000,16.663,16
1431478800000,18.277,7
1431565200000,18.354,9
1431651600000,17.378,14
1431738000000,18.796,14
1431824400000,18.271,14
1431910800000,17.918,14
1431997200000,20.478,7
1432083600000,20.549,6
1432170000000,19.898,9
1432256400000,20.76,9
1432342800000,19.28,13
1432429200000,17.383,7
1432515600000,17.357,16
1432602000000,16.991,19
1432688400000,15.696,18
1432774800000,14.319,19
1432861200000,16.487,20
1432947600000,17.015,17
1433034000000,16.593,15
1433120400000,14.983,12
1433206800000,16.56,14
1433293200000,17.465,11
1433379600000,16.599,13
1433466000000,15.851,20
1433552400000,15.943,16
1433638800000,17.601,28
1433725200000,18.008,6
1433811600000,16.942,14
1433898000000,14.665,13
1433984400000,16.945,23
1434070800000,19.138,10
1434157200000,16.888,9
1434243600000,16.724,15
1434330000000,15.536,12
1434416400000,16.021,8
1434502800000,15.948,11
1434589200000,15.851,10
1434675600000,16.394,11
1434762000000,15.686,16
1434848400000,15.216,18
1434934800000,14.966,7
1435021200000,14.924,9
1435107600000,15.885,10
1435194000000,15.77,7
1435280400000,15.081,10
1435366800000,16.212,7
1435453200000,15.362,14
1435539600000,15.95,13
1435626000000,19.001,15
1435712400000,17.387,8
1435798800000,17.245,8
1435885200000,17.008,23
1435971600000,19.062,7
1436058000000,14.758,6
1436144400000,15.653,13
1436230800000,15.402,9
1436317200000,14.176,11
1436403600000,15.17,14
1436490000000,14.432,5
1436576400000,16.917,13
1436662800000,17.943,9
1436749200000,16.793,12
1436835600000,16.565,10
1436922000000,15.608,6
1437008400000,14.972,16
1437094800000,16.585,16
1437181200000,15.99,9
1437267600000,17.281,10
1437354000000,16.414,12
1437440400000,17.189,7
1437526800000,15.255,13
1437613200000,15.963,8
1437699600000,15.022,8
1437786000000,15.401,12
1437872400000,16.101,9
1437958800000,15.435,15
1438045200000,15.886,14
1438131600000,16.791,11
1438218000000,16.814,13
1438304400000,15.265,11
1438390800000,14.823,12
1438477200000,15.066,17
1438563600000,15.502,10
1438650000000,15.307,10
1438736400000,15.392,13
1438822800000,15.816,13
1438909200000,18.018,14
1438995600000,18.003,7
1439082000000,15.418,12
1439168400000,14.846,9
1439254800000,16.631,9
1439341200000,16.115,5
1439427600000,17.217,8
1439514000000,17.05,9
1439600400000,15.765,16
1439686800000,18.989,9
1439773200000,15.445,18
1439859600000,15.011,10
1439946000000,14.964,12
1440032400000,15.115,7
1440118800000,14.588,15
1440205200000,14.333,20
1440291600000,14.072,18
1440378000000,14.67,14
1440464400000,15.086,14
1440550800000,15.678,16
1440637200000,18.729,11
1440723600000,19.058,12
1440810000000,19.859,7
1440896400000,16.189,8
1440982800000,16.013,12
1441069200000,16.91,14
1441155600000,16.941,10
1441242000000,17.36,7
1441328400000,16.438,9
1441414800000,16.588,12
1441501200000,16.093,11
1441587600000,15.292,10
1441674000000,16.452,12
1441760400000,15.251,13
1441846800000,15.592,22
1441933200000,16.891,18
1442019600000,17.148,11
1442106000000,18.352,16
1442192400000,19.24,5
1442278800000,17.375,11
1442365200000,18.147,5
1442451600000,18.582,4
1442538000000,15.145,18
1442624400000,14.752,14
1442710800000,15.651,17
1442797200000,14.781,8
1442883600000,14.136,14
1442970000000,14.335,10
1443056400000,15.081,6
1443142800000,16.587,7
1443229200000,16.246,11
1443315600000,16.218,14
1443402000000,16.321,9
1443488400000,15.655,7
1443574800000,15.946,13
1443661200000,16.005,7
1443747600000,17.037,10
1443834000000,15.94,14
1443920400000,15.846,13
1444006800000,16.354,16
1444093200000,14.954,8
1444179600000,15.881,11
1444266000000,16.232,9
1444352400000,16.695,9
1444438800000,16.576,18
1444525200000,17.095,9
1444611600000,15.45,6
1444698000000,16.492,13
1444784400000,16.858,11
1444870800000,17.228,5
1444957200000,16.313,8
1445043600000,14.26,7
1445130000000,15.68,7
1445216400000,15.331,13
1445302800000,16.079,7
1445389200000,15.815,10
1445475600000,15.089,7
1445562000000,14.417,13
1445648400000,15.209,16
1445734800000,15.052,16
1445821200000,14.832,5
1445907600000,15.769,11
1445994000000,15.339,10
1446080400000,14.415,7
1446166800000,14.315,12
1446253200000,14.256,14
1446339600000,14.851,12
1446426000000,16.496,7
1446512400000,15.673,7
1446598800000,16.553,7
1446685200000,16.026,9
1446771600000,14.652,11
1446858000000,14.213,13
1446944400000,14.784,13
1447030800000,14.727,9
1447117200000,13.979,13
1447203600000,15.491,8
1447290000000,15.114,8
1447376400000,15.06,9
1447462800000,15.113,9
1447549200000,14.619,6
1447635600000,15.487,16
1447722000000,17.897,4
1447808400000,16.123,6
1447894800000,16.689,9
1447981200000,16.994,5
1448067600000,18.523,7
1448154000000,18.258,6
1448240400000,16.615,4
1448326800000,16.589,5
1448413200000,17.098,11
1448499600000,16.102,8
1448586000000,16.204,9
1448672400000,15.461,13
1448758800000,14.643,12
1448845200000,14.736,17
1448931600000,14.411,8
1449018000000,13.821,13
1449104400000,15.415,11
1449190800000,15.783,8
1449277200000,16.653,9
1449363600000,15.455,13
1449450000000,16.555,7
1449536400000,16.265,11
1449622800000,15.615,5
1449709200000,14.129,8
1449795600000,14.687,6
1449882000000,14.885,5
1449968400000,14.314,11
1450054800000,13.435,8
1450141200000,14.144,9
1450227600000,15.143,9
1450314000000,14.551,9
1450400400000,16.18,3
1450486800000,15.232,6
1450573200000,12.463,5
1450659600000,14.646,10
1450746000000,14.063,6
1450832400000,12.477,10
1450918800000,13.663,12
1451005200000,13.288,7
1451091600000,13.857,17
1451178000000,14.631,8
1451264400000,14.103,9
1451350800000,14.735,10
1451437200000,14.55,8
1451523600000,13.699,8
1451610000000,13.906,12
1451696400000,13.934,14
1451782800000,11.322,11
1451869200000,11.747,15
1451955600000,12.793,9
1452042000000,12.872,11
1452128400000,12.818,12
1452214800000,12.972,8
1452301200000,13.913,14
1452387600000,14.104,12
1452474000000,15.414,10
1452560400000,15.253,7
1452646800000,13.833,6
1452733200000,13.378,12
1452819600000,14.629,13
1452906000000,14.338,7
1452992400000,13.968,11
1453078800000,14.097,10
1453165200000,14.514,6
1453251600000,14.599,9
1453338000000,12.866,5
1453424400000,13.419,8
1453510800000,13.802,11
1453597200000,14.015,8
1453683600000,14.167,11
1453770000000,14.052,10
1453856400000,13.369,8
1453942800000,15.075,11
1454029200000,13.198,11
1454115600000,13.541,11
1454202000000,12.173,3
1454288400000,12.714,10
1454374800000,12.85,9
1454461200000,13.089,14
1454547600000,13.079,5
1454634000000,12.86,11
1454720400000,11.774,20
1454806800000,12.995,15
1454893200000,13.285,7
1454979600000,12.994,12
1455066000000,12.774,9
1455152400000,12.313,7
1455238800000,12.799,15
1455325200000,14.226,24
1455411600000,15.935,12
1455498000000,16.38,6
1455584400000,15.347,5
1455670800000,15.425,5
1455757200000,12.263,22
1455843600000,13.572,6
1455930000000,13.612,13
1456016400000,13.387,13
1456102800000,13.169,11
1456189200000,13.224,4
1456275600000,13.144,14
1456362000000,12.737,18
1456448400000,14.671,9
1456534800000,14.36,7
1456621200000,13.756,17
1456707600000,14.3,3
1456794000000,13.621,5
1456880400000,12.88,9
1456966800000,12.766,10
1457053200000,12.406,10
1457139600000,12.817,18
1457226000000,12.399,7
1457312400000,12.171,5
1457398800000,12.069,6
1457485200000,11.995,8
1457571600000,12.053,6
1457658000000,12.05,9
1457744400000,11.913,16
1457830800000,12.081,7
1457917200000,12.852,9
1458003600000,12.879,5
1458090000000,13.215,13
1458176400000,13.44,7
1458262800000,14.026,9
1458349200000,13.383,7
1458435600000,13.106,11
1458522000000,12.671,6
1458608400000,13.577,13
1458694800000,14.12,7
1458781200000,13.83,5
1458867600000,13.601,8
1458954000000,13.964,11
1459040400000,17.007,4
1459126800000,16.326,4
1459213200000,13.099,7
1459299600000,14.679,3
1459386000000,12.843,6
1459472400000,13.472,12
1459558800000,13.284,12
1459645200000,12.992,9
1459731600000,12.387,14
1459818000000,14.381,12
1459904400000,13.43,11
1459990800000,13.014,4
1460077200000,12.572,9
1460163600000,12.708,8
1460250000000,12.407,9
1460336400000,12.633,12
1460422800000,12.889,4
1460509200000,13.111,10
1460595600000,12.89,10
1460682000000,13.288,9
1460768400000,13.447,15
1460854800000,14.228,11
1460941200000,13.678,3
1461027600000,14.098,9
1461114000000,16.26,7
1461200400000,16.409,4
1461286800000,15.601,13
1461373200000,15.922,6
1461459600000,14.366,10
1461546000000,13.47,5
1461632400000,14.388,5
1461718800000,13.635,7
1461805200000,14.467,7
1461891600000,14.227,3
1461978000000,14.513,8
1462064400000,14.812,14
1462150800000,14.806,6
1462237200000,14.028,6
1462323600000,13.772,3
1462410000000,13.946,18
1462496400000,14.212,7
1462582800000,14.205,7
1462669200000,14.331,8
1462755600000,13.364,7
1462842000000,13.934,6
1462928400000,14.638,9
1463014800000,15.434,4
1463101200000,12.747,6
1463187600000,14.502,9
1463274000000,12.542,6
1463360400000,13.047,9
1463446800000,12.837,7
1463533200000,13.832,4
1463619600000,13.169,17
1463706000000,14.524,20
1463792400000,15.053,6
1463878800000,13.898,7
1463965200000,20.882,8
1464051600000,18.993,5
1464138000000,15.808,4
1464224400000,18.275,6
1464310800000,14.844,5
1464397200000,13.725,8
1464483600000,13.08,6
1464570000000,13.172,4
1464656400000,13.217,8
1464742800000,13.115,10
1464829200000,11.718,8
1464915600000,12.85,11
1465002000000,12.826,9
1465088400000,11.366,14
1465174800000,11.556,10
1465261200000,12.841,6
1465347600000,12.66,6
1465434000000,12.565,11
1465520400000,12.548,6
1465606800000,12.171,11
1465693200000,12.411,12
1465779600000,11.48,3
1465866000000,12.015,5
1465952400000,11.552,7
1466038800000,11.053,6
1466125200000,11.004,16
1466211600000,10.388,7
1466298000000,10.703,6
1466384400000,10.268,6
1466470800000,10.565,9
1466557200000,10.517,6
1466643600000,9.958,8
1466730000000,9.89,9
1466816400000,10.38,11
1466902800000,9.49,10
1466989200000,9.253,8
1467075600000,8.655,6
1467162000000,8.587,10
1467248400000,8.584,5
1467334800000,8.777,16
1467421200000,8.873,6
1467507600000,8.612,12
1467594000000,8.024,15
1467680400000,9.647,13
1467766800000,10.715,5
1467853200000,11.281,6
1467939600000,11.527,4
1468026000000,11.387,11
1468112400000,11.168,7
1468198800000,10.827,5
1468285200000,11.114,10
1468371600000,11.192,2
1468458000000,10.034,9
1468544400000,12.707,6
1468630800000,10.583,6
1468717200000,10.734,13
1468803600000,12.076,18
1468890000000,10.332,6
1468976400000,11.153,4
1469062800000,10.172,12
1469149200000,10.03,6
1469235600000,11.356,12
1469322000000,12.794,4
1469408400000,11.06,5
1469494800000,10.79,11
1469581200000,11.096,3
1469667600000,10.43,13
1469754000000,11.227,7
1469840400000,12.36,4
1469926800000,11.667,4
1470013200000,10.422,6
1470099600000,11.336,7
1470186000000,11.463,5
1470272400000,11.807,4
1470358800000,11.408,6
1470445200000,12.612,7
1470531600000,11.946,4
1470618000000,11.667,3
1470704400000,11.713,5
1470790800000,12.375,5
1470877200000,11.883,4
1470963600000,11.126,3
1471050000000,10.263,8
1471136400000,10.963,5
1471222800000,11.203,4
1471309200000,10.999,5
1471395600000,11.447,5
1471482000000,10.319,5
1471568400000,11.181,7
1471654800000,10.427,4
1471741200000,11.518,4
1471827600000,10.905,12
1471914000000,12.046,6
1472000400000,11.375,3
1472086800000,11.206,5
1472173200000,11.716,8
1472259600000,9.857,4
1472346000000,10.973,4
1472432400000,10.913,12
1472518800000,10.576,5
1472605200000,9.748,5
1472691600000,12.222,4
1472778000000,12.981,4
1472864400000,11.11,1
1472950800000,11.441,4
1473037200000,13.624,9
1473123600000,13.213,7
1473210000000,11.02,3
1473296400000,13.302,6
1473382800000,12.619,4
1473469200000,11.636,4
1473555600000,11.417,6
1473642000000,13.797,4
1473728400000,14.157,2
1473814800000,14.316,2
1473901200000,13.827,4
1473987600000,14.139,4
1474074000000,12.64,6
1474160400000,10.691,7
1474246800000,11.562,7
1474333200000,12.061,10
1474419600000,11.42,2
1474506000000,10.577,3
1474592400000,12.685,10
1474678800000,12.473,2
1474765200000,11.808,7
1474851600000,11.575,2
1474938000000,9.842,4
1475024400000,11.273,3
1475110800000,10.132,7
1475197200000,9.562,2
1475283600000,10.587,3
1475370000000,9.829,4
1475456400000,10.618,5
1475542800000,10.819,7
1475629200000,12.566,4
1475715600000,11.726,5
1475802000000,11.387,5
1475888400000,11.487,5
1475974800000,9.257,1
1476061200000,10.875,2
1476147600000,11.231,8
1476234000000,11.756,3
1476320400000,11.608,2
1476406800000,9.988,7
1476493200000,10.676,6
1476579600000,10.083,4
1476666000000,10.151,3
1476752400000,10.002,1
1476838800000,10.556,5
1476925200000,10.547,6
1477011600000,9.767,5
1477098000000,11.394,20
1477184400000,12.158,5
1477270800000,12.798,4
1477357200000,10.835,1
1477443600000,10.802,5
1477530000000,10.266,9
1477616400000,10.447,3
1477702800000,10.003,6
1477789200000,9.471,8
1477875600000,9.513,8
1477962000000,9.643,3
1478048400000,9.797,7
1478134800000,10.747,5
1478221200000,10.681,4
1478307600000,12.979,4
1478394000000,11.423,4
1478480400000,10.856,2
1478566800000,12.156,3
1478739600000,9.96,4
1478826000000,10.162,6
1478912400000,10.765,6
1478998800000,10.479,1
1479085200000,10.172,4
1479171600000,10.636,7
1479258000000,13.245,5
1479344400000,11.205,4
1479430800000,12.715,4
1479517200000,12.213,4
1479603600000,13.099,3
1479690000000,12.707,1
1479776400000,11.914,9
1479862800000,11.493,3
1479949200000,9.897,6
1480035600000,8.698,2
1480122000000,9.203,7
1480208400000,10.151,5
1480294800000,9.208,7
1480381200000,9.212,7
1480467600000,9.469,9
1480554000000,10.772,10
1480640400000,11.987,8
1480726800000,10.609,4
1480813200000,11.609,5
1480899600000,11.019,2
1480986000000,11.001,5
1481072400000,12.195,7
1481158800000,11.406,5
1481245200000,11.008,5
1481331600000,10.679,16
1481418000000,11.248,6
1481504400000,12.362,6
1481590800000,11.54,1
1481677200000,11.058,3
1481850000000,11.067,3
1481936400000,11.362,6
1482022800000,11.15,9
1482109200000,10.106,4
1482195600000,9.928,3
1482282000000,10.718,3
1482368400000,10.152,3
1482454800000,10.049,4
1482541200000,11.235,10
1482627600000,11.755,8
1482714000000,11.572,5
1482800400000,10.943,5
1482886800000,12.001,7
1482973200000,12.005,2
1483059600000,9.475,2
1483146000000,12.238,4
1483232400000,12.644,5
1483318800000,12.17,3
1483405200000,10.767,6
1483491600000,12.264,8
1483578000000,12.659,4
1483664400000,12.652,4
1483750800000,13.695,6
1483837200000,15.46,4
1483923600000,17.58,3
1484010000000,13.909,5
1484096400000,13.456,7
1484182800000,13.1,5
1484269200000,13.007,1
1484355600000,12.577,8
1484442000000,24.514,3
1484528400000,13.759,7
1484614800000,15.296,3
1484701200000,14.969,3
1484787600000,12.6,2
1484874000000,14.219,6
1484960400000,15.134,4
1485046800000,15.325,2
1485219600000,10.946,4
1485306000000,12.193,8
1485392400000,13.288,2
1485478800000,13.159,5
1485565200000,13.662,3
1485651600000,12.333,7
1485738000000,13.335,7
1485824400000,12.912,3
1485910800000,13.847,5
1485997200000,12.43,3
1486083600000,12.819,3
1486170000000,12.988,5
1486256400000,12.989,7
1486342800000,13.159,8
1486429200000,14.18,3
1486515600000,14.752,2
1486602000000,14.231,5
1486688400000,14.039,6
1486774800000,15.683,5
1486861200000,15.682,5
1486947600000,16.716,4
1487034000000,17.289,3
1487120400000,13.983,5
1487206800000,13.784,5
1487293200000,14.504,4
1487379600000,14.189,8
1487466000000,13.931,8
1487552400000,13.129,3
1487638800000,12.17,4
1487725200000,13.282,7
1487811600000,12.783,3
1487898000000,13.633,8
1487984400000,14.776,6
1488070800000,14.016,6
1488157200000,14.901,5
1488243600000,13.387,1
1488330000000,12.07,1
1488416400000,14.85,4
1488502800000,15.679,6
1488589200000,14.644,8
1488675600000,13.72,1
1488762000000,13.819,8
1488848400000,15.514,4
1488934800000,14.017,7
1489021200000,16.422,5
1489107600000,13.535,9
1489194000000,12.878,5
1489280400000,13.784,11
1489366800000,12.445,4
1489453200000,13.676,6
1489539600000,14.478,3
1489626000000,13.279,5
1489712400000,13.425,2
1489798800000,14.128,2
1489885200000,14.441,7
1489971600000,13.408,8
1490058000000,14.943,3
1490144400000,14.217,4
1490230800000,12.785,5
1490317200000,13.916,4
1490403600000,13.358,4
1490490000000,11.915,3
1490576400000,13.363,3
1490662800000,13.523,10
1490749200000,14.54,1
1490835600000,13.703,3
1490922000000,13.144,4
1491008400000,13.472,13
1491181200000,13.571,4
1491267600000,13.696,3
1491354000000,13.597,4
1491440400000,13.737,8
1491526800000,14.922,4
1491613200000,14.647,3
1491699600000,14.34,5
1491786000000,14.797,3
1491872400000,15.23,5
1491958800000,15.027,5
1492045200000,14.645,5
1492131600000,12.587,3
1492218000000,14.279,6
1492304400000,13.964,6
1492477200000,13.65,3
1492563600000,13.976,7
1492650000000,14.001,1
1492736400000,14.571,4
1492822800000,14.503,1
1492909200000,14.194,2
1493168400000,12.845,2
1493254800000,13.446,2
1493341200000,15.741,4
1493427600000,14.851,12
1493514000000,21.324,13
1493600400000,14.214,6
1493686800000,14.089,7
1493773200000,14.465,2
1493859600000,13.46,2
1493946000000,15.486,6
1494032400000,16.29,3
1494118800000,15.885,5
1494205200000,14.605,4
1494291600000,15.948,4
1494378000000,15.336,3
1494464400000,17.32,1
1494550800000,15.663,2
1494637200000,16.498,1
1494723600000,15.181,7
1494810000000,20.677,3
1494982800000,18.525,2
1495069200000,18.821,2
1495242000000,14.76,4
1495414800000,14.13,3
1495501200000,16.015,4
1495587600000,16.268,5
1495674000000,14.29,2
1495760400000,10.294,1
1495846800000,13.348,3
1495933200000,17.385,3
1496019600000,14.025,3
1496106000000,12.84,2
1496192400000,13.595,5
1496278800000,14.82,1
1496365200000,14.082,3
1496451600000,12.95,1
1496538000000,14.646,4
1496710800000,14.884,1
1496797200000,18.618,2
1496883600000,13.606,4
1496970000000,14.933,13
1497056400000,15.738,3
1497142800000,15.479,1
1497315600000,11.5,1
1497402000000,11.735,2
1497488400000,13.265,3
1497574800000,14.155,4
1497747600000,11.515,4
1497834000000,12.327,4
1498093200000,11.9,2
1498179600000,11.706,3
1498266000000,12.452,2
1498352400000,13.374,2
1498438800000,12.754,2
1498525200000,12.156,2
1498611600000,11.778,3
1498698000000,12.671,4
1498784400000,11.69,2
1498870800000,12.939,3
1498957200000,13.72,1
1499043600000,13.066,3
1499130000000,12.26,3
1499216400000,13.441,2
1499302800000,13.357,6
1499389200000,14.1,2
1499475600000,22.123,3
1499562000000,16.217,5
1499648400000,15.186,7
1499734800000,15.79,1
1499821200000,14.484,2
1499907600000,17.706,3
1499994000000,16.11,3
1500080400000,14.875,3
1500166800000,13.848,2
1500253200000,13.928,1
1500339600000,13.416,3
1500426000000,13.82,2
1500512400000,14.499,2
1500598800000,13.57,2
1500685200000,14.29,1
1500771600000,13.888,5
1500858000000,15.623,3
1500944400000,11.912,5
1501030800000,12.957,3
1501117200000,13.105,3
1501203600000,14.106,2
1501290000000,13.895,5
1501376400000,14.093,11
1501462800000,14.871,2
1501549200000,15.793,11
1501722000000,14.769,4
1501808400000,12.027,3
1501894800000,15.303,3
1501981200000,20.117,3
1502067600000,16.499,2
1502154000000,16.822,3
1502240400000,14.536,3
1502326800000,11.74,1
1502499600000,14.829,1
1502586000000,14.15,2
1502672400000,14.472,3
1502758800000,14.251,3
1502845200000,14.105,4
1502931600000,14.091,3
1503018000000,14.755,4
1503104400000,16.431,4
1503190800000,14.268,5
1503277200000,13.36,2
1503450000000,12.063,1
1503536400000,15.004,6
1503622800000,13.48,2
1503709200000,15.762,1
1503795600000,13.925,3
1503882000000,15.144,2
1503968400000,15.568,2
1504141200000,11.749,1
1504314000000,12.635,2
1504400400000,15.41,1
1504486800000,13.335,3
1504573200000,13.33,2
1504659600000,14.709,1
1504746000000,12.448,2
1504832400000,12.261,2
1504918800000,12.79,3
1505005200000,14.245,4
1505091600000,13.884,3
1505178000000,14.825,2
1505350800000,15.179,2
1505437200000,15.034,3
1505523600000,13.775,2
1505610000000,15.309,1
1505696400000,12.669,6
1505782800000,16.397,3
1505955600000,14.668,2
1506042000000,13.5,2
1506128400000,12.599,5
1506214800000,11.87,3
1506301200000,13.434,3
1506387600000,13.924,7
1506646800000,12.248,3
1506733200000,12.246,5
1506819600000,13.436,2
1506906000000,13.338,1
1506992400000,12.54,3
1507078800000,13.385,9
1507165200000,12.353,2
1507251600000,12.098,4
1507338000000,12.826,13
1507424400000,15.204,1
1507510800000,14.95,1
1507597200000,13.304,2
1507683600000,16.98,2
1507770000000,11.47,1
1507856400000,14.396,6
1507942800000,17.6,1
1508029200000,13.442,2
1508202000000,15.931,8
1508374800000,18.918,1
1508461200000,33.298,2
1508547600000,14.025,3
1508634000000,19.273,2
1508720400000,15.156,2
1508893200000,13.22,1
1508979600000,14.908,1
1509066000000,12.051,4
1509238800000,11.184,2
1509325200000,7.995,1
1509411600000,11.585,2
1509498000000,12.203,2
1509584400000,11.939,2
1509670800000,13.005,1
1509757200000,10.61,1
1509930000000,13.591,4
1510016400000,12.988,1
1510102800000,10.483,4
1510275600000,12.417,11
1510362000000,15.525,1
1510794000000,14.023,1
1510880400000,14.809,2
1511053200000,11.325,2
1511139600000,12.354,3
1511226000000,11.939,3
1511312400000,12.93,2
1511398800000,11.817,2
1511658000000,11.043,1
1511744400000,11.841,2
1511830800000,13.126,2
1511917200000,10.45,2
1512003600000,10.98,2
1512090000000,13.742,7
1512176400000,11.778,2
1512262800000,16.369,2
1512435600000,12.44,1
1512522000000,12.993,1
1512608400000,13.426,1
1512694800000,12.959,2
1512781200000,12.07,1
1512867600000,12.541,2
1513040400000,10.74,1
1513126800000,13.248,1
1513213200000,12.732,3
1513299600000,12.804,1
1513472400000,11.999,2
1513558800000,13.58,1
1513645200000,15.625,2
1513731600000,13.432,2
1513818000000,13.38,1
1513904400000,10.71,1
1513990800000,12.463,3
1514163600000,11.118,4
1514250000000,12.496,3
1514336400000,13.275,4
1514422800000,14.872,2
1514509200000,12.006,1
1514595600000,15.445,1
1514682000000,15.296,3
1514768400000,17.62,3
1514854800000,15.638,1
1514941200000,14.665,2
1515114000000,15.659,2
1515200400000,11.47,1
1515373200000,11.81,1
1515459600000,12.218,3
1515546000000,14.16,2
1515632400000,10.88,2
1515718800000,12.041,4
1515805200000,13.227,6
1515891600000,14.375,2
1515978000000,12.203,2
1516150800000,13.505,2
1516237200000,13.364,1
1516323600000,12.682,4
1516410000000,12.695,2
1516496400000,11.47,1
1516582800000,11.24,1
1516669200000,11.966,8
1516755600000,12.662,1
1516928400000,11.42,3
1517014800000,10.535,2
1517101200000,11.982,8
1517187600000,14.236,1
1517360400000,11.913,4
1517446800000,10.83,1
1517533200000,14.03,3
1517619600000,14.027,4
1517706000000,12.784,3
1517792400000,11.798,3
1517878800000,13.91,3
1517965200000,11.11,1
1518051600000,11.67,1
1518138000000,12.173,2
1518224400000,11.293,2
1518310800000,13.394,1
1518397200000,12.455,2
1518570000000,14.769,2
1518742800000,10.916,4
1518829200000,12.07,6
1518915600000,11.934,3
1519002000000,12.536,3
1519088400000,12.107,5
1519174800000,13.067,3
1519261200000,12.853,2
1519347600000,14.793,10
1519434000000,10.738,2
1519520400000,11.064,1
1519606800000,11.308,9
1519693200000,12.234,5
1519779600000,14.133,2
1519952400000,13.006,1
1520038800000,12.397,1
1520125200000,12.31,1
1520298000000,12.13,2
1520384400000,14.818,2
1520470800000,14.759,5
1520643600000,14.915,4
1520730000000,16.436,1
1520816400000,14.126,2
1520902800000,14.59,2
1520989200000,16.05,1
1521162000000,12.55,1
1521248400000,15.466,1
1521334800000,15.634,3
1521421200000,14.073,2
1521507600000,16.33,1
1521766800000,14.439,1
1521853200000,15.655,1
1521939600000,12.16,1
1522112400000,12.17,2
1522198800000,13.865,2
1522371600000,12.826,3
1522458000000,9.27,1
1522544400000,12.91,1
1522630800000,11.461,3
1522717200000,9.083,1
1522803600000,9.436,2
1522890000000,9.82,1
1522976400000,9.885,4
1523062800000,8.93,1
1523149200000,9.864,2
1523235600000,11.612,3
1523322000000,11,1
1523408400000,8.416,2
1523494800000,10.576,1
1523581200000,10.472,2
1523754000000,10.6,2
1523926800000,10.251,6
1524099600000,10.968,1
1524186000000,10.988,3
1524358800000,10.92,1
1524445200000,11.886,2
1524531600000,7.752,2
1524618000000,10.87,1
1524704400000,13.546,1
1524877200000,7.821,2
1524963600000,9.416,4
1525050000000,9.67,1
1525136400000,9.664,2
1525309200000,9.912,2
1525395600000,10.855,4
1525568400000,10.766,8
1525741200000,13.203,4
1525827600000,13.373,1
1526000400000,10.32,1
1526173200000,12.676,1
1526259600000,11.79,2
1526432400000,13.34,1
1526605200000,15.71,1
1526778000000,10.07,1
1526864400000,13.168,2
1526950800000,14.001,2
1527037200000,11.9,1
1527123600000,14.81,1
1527296400000,15.127,1
1527469200000,13.99,1
1527642000000,13.695,1
1527814800000,15.77,1
1527901200000,11.928,2
1527987600000,12.308,3
1528160400000,13.46,1
1528333200000,14.109,1
1528419600000,15.117,2
1528506000000,15.309,2
1528678800000,11.4,1
1528765200000,12.99,1
1528851600000,10.97,2
1529024400000,10.5,1
1529110800000,11.043,1
1529370000000,9.652,2
1529456400000,10.76,3
1529542800000,12.075,1
1529715600000,8.4,1
1529974800000,9.667,3
1530061200000,9.982,1
1530147600000,9.821,5
1530234000000,11.55,1
1530320400000,11.53,7
1530406800000,9.302,2
1530493200000,10.707,1
1530579600000,11.304,1
1530666000000,9.33,1
1530838800000,11.46,1
1530925200000,15.745,1
1531011600000,11.5,1
1531443600000,10.527,3
1531530000000,11.409,2
1531616400000,10.565,2
1531702800000,14.75,1
1531875600000,6.356,2
1531962000000,10.922,1
1532048400000,9.93,1
1532134800000,11.762,2
1532307600000,18.569,2
1532394000000,10.915,1
1532480400000,13.62,1
1532566800000,12.304,1
1532653200000,12.176,3
1532912400000,12.001,3
1533085200000,12.099,3
1533171600000,13,1
1533258000000,12.667,3
1533344400000,16.66,4
1533430800000,10.841,2
1533517200000,10.495,2
1533603600000,12.445,2
1533690000000,10.619,1
1533862800000,10.845,2
1533949200000,10.557,3
1534122000000,11.17,2
1534208400000,9.872,3
1534294800000,11.136,1
1534467600000,11.181,1
1534640400000,9.719,1
1534726800000,10.53,3
1534813200000,12.527,4
1534899600000,12.235,2
1535158800000,10.31,1
1535245200000,10.565,6
1535331600000,11.552,3
1535590800000,27.2,1
1535763600000,10.571,1
1535850000000,12.384,1
1535936400000,10.3,1
1536022800000,10.87,3
1536109200000,10.954,1
1536195600000,11.183,3
1536282000000,11.143,5
1536454800000,12.256,2
1536541200000,15.446,3
1536627600000,13.53,1
1536714000000,13.592,1
1536886800000,11.442,4
1536973200000,11.959,1
1537059600000,13.846,2
1537146000000,11.479,1
1537232400000,12.675,2
1537578000000,12.708,2
1537750800000,12.121,6
1537837200000,11.3,1
1537923600000,13.624,3
1538010000000,23.583,4
1538096400000,14.262,2
1538182800000,14.314,1
1538355600000,15.051,1
1538442000000,12.77,1
1538701200000,13.24,1
1538787600000,14.837,1
1538874000000,13.745,3
1538960400000,13.825,1
1539046800000,11.5,1
1539133200000,14.557,2
1539219600000,16.014,1
1539306000000,14.794,2
1539392400000,18.188,2
1539565200000,11.5,1
1539651600000,14.359,3
1539824400000,15.25,2
1539997200000,15.013,3
1540083600000,14.067,4
1540170000000,19.48,2
1540342800000,22.408,1
1540429200000,22.79,1
1540602000000,19.623,1
1540688400000,17.8,2
1540774800000,17.817,5
1540861200000,18.03,2
1540947600000,20.088,2
1541034000000,19.056,3
1541120400000,15.36,2
1541206800000,14.965,2
1541293200000,12.69,1
1541379600000,19.06,1
1541466000000,16.246,2
1541552400000,16.601,1
1541725200000,14.245,2
1541898000000,15.535,2
1542070800000,13.71,1
1542157200000,16.333,2
1542243600000,16.317,1
1542416400000,16.823,2
1542675600000,13.299,1
1542848400000,14.514,2
1543021200000,12.491,2
1543107600000,13.73,1
1543194000000,14.086,1
1543280400000,11.589,1
1543366800000,11.66,2
1543453200000,12.192,2
1543539600000,12.09,1
1543626000000,13.06,4
1543712400000,15.933,3
1543798800000,11.93,1
1543971600000,13.058,1
1544144400000,12.69,2
1544317200000,13.389,6
1544403600000,13.57,1
1544490000000,12.54,2
1544749200000,13.491,1
1544835600000,12.95,1
1545181200000,13.884,7
1545267600000,14.079,2
1545354000000,12.826,3
1545440400000,12.944,3
1545526800000,15.733,1
1545613200000,16.771,3
1545786000000,16.267,1
1546131600000,14.2,1
1546218000000,16.107,4
1546390800000,14,1
1546650000000,16.964,1
1546736400000,13.624,1
1546822800000,14.232,2
1546909200000,13.128,1
1546995600000,14.966,1
1547082000000,14.866,1
1547168400000,13.8,1
1547254800000,13.797,1
1547341200000,16.1,7
1547427600000,15.61,2
1547686800000,18.987,1
1547773200000,17.991,3
1547946000000,15.285,2
1548032400000,13.269,2
1548205200000,15.555,1
1548291600000,24.988,3
1548378000000,14.403,4
1548464400000,12.73,1
1548550800000,12.96,1
1548723600000,15.444,2
1548810000000,15.848,4
1549069200000,11.467,1
1549155600000,17.201,1
1549328400000,14.068,1
1549414800000,16.045,4
1549760400000,17.046,2
1549846800000,14.975,4
1549933200000,16.002,2
1550106000000,17.065,1
1550278800000,16.378,2
1550365200000,17.092,1
1550538000000,15.984,3
1550710800000,17.48,2
1550883600000,17.721,4
1550970000000,18.869,4
1551056400000,18.861,1
1551142800000,16.41,1
1551488400000,20.166,1
1551834000000,21.5,1
1551920400000,45.989,1
1552006800000,15.269,1
1552093200000,16.338,2
1552179600000,16.72,3
1552266000000,18.752,1
1552438800000,15.22,1
1552525200000,17.259,2
1552611600000,18.34,1
1552698000000,19.507,1
1552870800000,17.67,2
1552957200000,15.31,1
1553216400000,15.603,1
1553302800000,14.037,2
1553475600000,16.02,3
1553562000000,15.58,1
1553648400000,15.55,1
1553734800000,17.87,1
1553821200000,15.582,1
1554080400000,15.728,5
1554253200000,17.38,1
1554339600000,16.454,2
1554426000000,16.416,3
1554512400000,17.849,1
1554598800000,22.166,3
1554685200000,15.393,2
1554771600000,15.015,2
1554858000000,16.193,2
1554944400000,17.407,1
1555030800000,17.462,4
1555203600000,20.005,2
1555290000000,15.485,2
1555549200000,17.15,1
1555635600000,16.81,1
1555722000000,17.864,3
1555808400000,14.308,1
1555981200000,19.673,1
1556326800000,15.35,1
1556499600000,17.306,2
1556586000000,18.901,2
1556672400000,22.29,4
1556845200000,17.776,1
1556931600000,17.76,1
1557277200000,17.998,1
1557536400000,17.72,2
1557622800000,17.295,2
1557709200000,15.371,2
1557882000000,16.235,2
1558141200000,16.19,1
1558227600000,15.79,1
1558314000000,15.007,1
1558486800000,15.881,4
1558573200000,19.617,2
1558746000000,15,1
1558832400000,17.39,1
1559005200000,19.941,2
1559091600000,16.235,2
1559178000000,17.663,3
1559264400000,17.88,2
1559437200000,17.249,2
1559782800000,16.851,6
1559869200000,19.134,1
1559955600000,19.231,1
1560128400000,23.935,8
1560214800000,17.57,1
1560387600000,18.194,2
1560474000000,19.506,2
1560560400000,17.942,3
1560646800000,16.65,2
1560819600000,18.32,2
1560906000000,18.897,2
1560992400000,19.048,2
1561078800000,17.79,1
1561165200000,18.175,3
1561251600000,19.552,1
1561338000000,23.56,2
1561424400000,17.737,1
1561510800000,18.718,1
1561597200000,17.76,1
1561683600000,18.79,1
1561770000000,19.89,1
1561856400000,17.204,2
1562029200000,44.998,1
1562461200000,19.35,1
1562547600000,17.753,2
1562634000000,19.896,2
1562720400000,20.37,1
1562806800000,22.06,1
1562893200000,5.267,1
1562979600000,18.237,3
1563066000000,20.89,2
1563238800000,16.74,1
1563325200000,15.24,1
1563498000000,19.581,2
1563930000000,19.75,6
1564189200000,18.435,2
1564275600000,20.758,2
1564621200000,16.96,2
1564707600000,18.853,2
1564794000000,20.044,2
1564880400000,16.56,1
1564966800000,16.295,1
1565139600000,19.945,2
1565312400000,16.753,1
1565398800000,19.034,1
1565571600000,16.008,1
1565917200000,16.458,3
1566003600000,15.492,2
1566090000000,17.653,1
1566349200000,15.989,2
1566435600000,15.992,1
1566608400000,14.92,1
1566867600000,19.566,4
1567040400000,14.91,1
1567213200000,15.741,2
1567386000000,15.778,1
1567645200000,14.385,2
1567731600000,14.462,1
1567818000000,16.458,12
1567904400000,15.515,2
1568077200000,17.76,1
1568336400000,17.68,3
1568422800000,18.791,1
1568509200000,18.682,4
1568854800000,36.46,1
1568941200000,19.034,1
1569286800000,19.045,1
1569373200000,16.11,1
1569546000000,18.175,2
1569632400000,16.468,6
1569718800000,17.084,1
1569805200000,17.08,1
1569891600000,17.454,3
1569978000000,14.386,1
1570323600000,14.84,1
1570410000000,14.532,2
1570496400000,16.227,10
1570842000000,17.263,5
1571014800000,15.508,2
1571101200000,15.006,1
1571274000000,18.434,1
1571446800000,17.02,2
1571533200000,16.203,6
1571619600000,14.98,1
1571706000000,15.006,1
1571792400000,15.859,7
1571878800000,17.796,1
1571965200000,16.951,1
1572051600000,16.164,6
1572224400000,19.379,2
1572310800000,15.635,3
1572570000000,16.93,2
1572656400000,15.995,3
1572742800000,15.642,3
1572829200000,16.915,1
1572915600000,15.33,1
1573002000000,16.45,4
1573088400000,14.946,2
1573174800000,14.885,2
1573347600000,14.874,1
1573434000000,15.529,5
1573693200000,15.175,2
1573779600000,16.476,1
1573866000000,15.668,2
1574038800000,14.237,1
1574125200000,13.114,2
1574384400000,14.176,2
1574470800000,12.765,1
1574643600000,11.933,3
1574730000000,12.606,1
1574816400000,12.49,3
1574902800000,11.42,1
1574989200000,11.5,1
1575075600000,13.62,4
1575248400000,13.42,2
1575334800000,13.683,2
1575507600000,14.12,2
1575594000000,14.312,6
1575680400000,14.164,1
1575766800000,13.359,2
1575939600000,12.472,2
1576026000000,13.414,4
1576198800000,15.744,3
1576285200000,15.618,3
1576458000000,15.861,3
1576630800000,14.774,1
1576717200000,15.673,4
1576890000000,15.512,1
1576976400000,15.881,1
1577062800000,15.726,1
1577235600000,15.245,2
1577408400000,14.85,1
1577494800000,14.23,7
1577754000000,17.897,4
1577840400000,15.443,1
1578013200000,15.84,1
1578099600000,15.87,1
1578186000000,17.362,3
1578272400000,17.334,1
1578358800000,16.831,3
1578445200000,16.363,1
1578531600000,15.673,2
1578618000000,16.939,6
1578790800000,14.081,2
1578877200000,15.134,1
1578963600000,16.587,3
1579136400000,15.215,2
1579222800000,15.08,2
1579309200000,15.002,1
1579395600000,15.471,4
1579482000000,15.483,2
1579568400000,15.9,1
1579654800000,15.9,1
1579741200000,15.665,6
1579827600000,15.685,4
1579914000000,26.306,2
1580000400000,15.708,1
1580086800000,14.1,5
1580173200000,12.67,1
1580259600000,14.859,2
1580346000000,13.57,1
1580432400000,15.103,3
1580518800000,14.312,7
1580605200000,13.588,5
1580691600000,15.31,1
1580778000000,13.221,1
1580864400000,15.64,4
1580950800000,16.35,6
1581037200000,15.255,2
1581123600000,17.253,1
1581210000000,17.253,1
1581296400000,23.92,1
1581382800000,14.43,1
1581469200000,14.174,2
1581555600000,16.832,5
1581642000000,14.573,2
1581814800000,16.766,7
1581901200000,14.74,1
1581987600000,14.63,1
1582074000000,15.982,4
1582246800000,14.149,2
1582333200000,15.576,1
1582506000000,15.204,2
1582765200000,14.244,1
1582938000000,29.584,1
1583024400000,14.476,10
1583110800000,13.71,2
1583197200000,13.16,2
1583456400000,15.246,3
1583542800000,15.061,13
1583802000000,13.62,1
1583888400000,17.375,10
1584061200000,17.446,1
1584147600000,17.048,1
1584234000000,16.154,2
1584320400000,16.799,2
1584406800000,16.784,5
1584493200000,15.5,1
1584666000000,15.06,1
1584752400000,13.799,2
1584925200000,14.413,2
1585011600000,15.453,3
1585098000000,14.641,3
1585270800000,13.844,1
1585357200000,18.298,1
1585443600000,12.949,2
1585530000000,15.557,5
1585789200000,14.112,9
1585962000000,15.29,1
1586048400000,16.824,1
1586134800000,14.085,5
1586221200000,15.189,3
1586307600000,14.7,7
1586394000000,15.315,6
1586480400000,13.693,1
1586566800000,20.561,4
1586653200000,14.736,3
1586739600000,15.147,3
1586826000000,30.409,1
1586998800000,15.958,3
1587085200000,13.691,2
1587171600000,16.098,2
1587258000000,14.052,1
1587430800000,14.209,1
1587517200000,15.4,10
1587603600000,14.873,3
1587690000000,15.996,5
1587776400000,18.653,6
1587862800000,20.56,1
1587949200000,18.37,2
1588035600000,16.831,3
1588122000000,15.301,4
1588208400000,17.545,2
1588294800000,21.247,11
1588467600000,16.3,1
1588554000000,17.546,3
1588640400000,17.374,2
1588726800000,15.273,1
1588813200000,17.485,2
1588899600000,15.285,3
1588986000000,15.818,2
1589072400000,15.94,2
1589158800000,27.846,2
1589245200000,14.3,2
1589331600000,16.208,5
1589418000000,16.908,5
1589504400000,16.594,3
1589590800000,14.947,1
1589677200000,15.363,5
1589850000000,15.092,5
1589936400000,15.524,1
1590022800000,15.166,4
1590109200000,15.441,3
1590195600000,15.415,7
1590282000000,15.849,2
1590368400000,17.637,2
1590454800000,17.757,3
1590541200000,16.645,2
1590627600000,16.37,1
1590714000000,15.74,3
1590800400000,17.29,2
1590886800000,16.91,1
1590973200000,15.49,1
1591059600000,16.389,2
1591146000000,15.566,4
1591232400000,17.771,5
1591318800000,17.278,2
1591405200000,15.502,1
1591491600000,16.198,3
1591664400000,17.003,2
1591837200000,15.565,1
1591923600000,14.018,1
1592010000000,15.373,1
1592096400000,15.786,2
1592269200000,14.668,3
1592355600000,13.935,2
1592442000000,14.57,2
1592528400000,13.951,8
1592614800000,14.146,1
1592701200000,10.86,2
1592874000000,16.517,1
1593046800000,15.308,4
1593133200000,13.217,5
1593219600000,15.314,7
1593478800000,16.537,2
1593651600000,21.091,1
1593738000000,14.288,2
1593824400000,14.678,1
1593910800000,14.159,2
1593997200000,14.371,13
1594083600000,16.492,5
1594170000000,19.045,1
1594342800000,15.884,1
1594429200000,15.236,4
1594602000000,15.75,1
1594688400000,14.69,1
1594774800000,14.679,2
1594861200000,14.899,3
1595034000000,19.363,1
1595120400000,16.991,2
1595206800000,29.119,2
1595293200000,17.266,2
1595552400000,16.684,1
1595638800000,16.541,2
1595725200000,15.33,1
1595811600000,40.591,1
1595898000000,17.41,4
1596070800000,18.688,1
1596157200000,15.93,1
1596330000000,16.939,2
1596416400000,15.882,1
1596589200000,18.31,1
1596675600000,17.494,3
1596762000000,23.7,2
1596848400000,16.907,4
1596934800000,22.018,3
1597021200000,17.172,1
1597280400000,16.74,2
1597366800000,16.25,1
1597539600000,15.83,1
1597626000000,18.094,2
1597712400000,16.25,1
1597798800000,18.52,1
1597885200000,17.909,5
1597971600000,16.318,1
1598058000000,15.37,3
1598144400000,17.894,9
1598317200000,15.788,1
1598403600000,19.585,4
1598490000000,16.37,1
1598662800000,24.399,2
1598749200000,16.651,2
1598835600000,16.645,4
1598922000000,17.662,2
1599008400000,20.795,8
1599181200000,19.381,2
1599267600000,16.29,1
1599526800000,16.76,1
1599613200000,15.849,1
1599786000000,15.358,1
1599872400000,15.358,1
1599958800000,18.824,5
1600045200000,23.12,1
1600131600000,17.25,1
1600218000000,17.97,1
1600390800000,20.75,3
1600650000000,17.45,1
1600909200000,19.4,2
1600995600000,19.56,1
1601082000000,17.43,1
1601168400000,18.657,1
1601254800000,16.48,1
1601427600000,14.033,1
1601600400000,17.643,4
1601686800000,18.9,1
1601773200000,18.775,4
1601859600000,16.467,1
1601946000000,16.46,1
1602032400000,16.142,4
1602378000000,18.754,1
1602464400000,15.982,2
1602723600000,14.319,1
1602810000000,17.06,1
1602982800000,15.236,4
1603242000000,15.35,1
1603328400000,16.541,1
1603501200000,14.499,3
1603674000000,15.597,1
1603846800000,23.103,10
1604365200000,17.08,3
1604538000000,16.747,2
1604624400000,16.748,2
1604797200000,15.88,1
1604883600000,15.5,1
1604970000000,16.015,3
1605142800000,18.325,2
1605229200000,17.73,2
1605315600000,18.267,1
1605402000000,18.337,1
1605488400000,15.27,1
1605574800000,15.654,2
1605661200000,15.52,1
1605747600000,14.265,2
1605920400000,16.35,2
1606179600000,17.166,6
1606438800000,14.83,2
1606698000000,16.058,4
1606784400000,14.37,1
1607043600000,13.954,6
1607130000000,14.49,8
1607216400000,14.87,1
1607302800000,13.901,1
1607389200000,14.477,4
1607475600000,13.655,2
1607734800000,14.211,2
1607821200000,14.567,5
1607907600000,14.058,3
1607994000000,12.868,3
1608080400000,13.966,4
1608166800000,12.785,3
1608253200000,14.037,2
1608339600000,13.919,4
1608426000000,14.547,1
1608512400000,15.012,2
1608598800000,15.054,4
1608771600000,16.947,5
1608858000000,16.235,2
1608944400000,14.2,1
1609030800000,14.229,1
1609117200000,15.939,4
1609203600000,14.33,1
1609376400000,15.973,10
1609549200000,15.55,3
1609635600000,14.89,2
1609722000000,15.43,3
1609808400000,14.34,1
1609894800000,14.687,1
1609981200000,18.05,2
1610067600000,15.319,7
1610154000000,14.496,1
1610240400000,14.53,2
1610326800000,16.013,11
1610499600000,15.35,1
1610586000000,30.723,2
1610672400000,27.935,1
1610758800000,18.3,2
1610845200000,16.7,1
1610931600000,16.131,3
1611018000000,15.126,5
1611104400000,20.124,1
1611190800000,19.139,3
1611277200000,20.31,1
1611363600000,18.826,7
1611450000000,19.094,2
1611536400000,20.917,1
1611622800000,20.602,1
1612314000000,17.85,1
1612400400000,17.82,1
1612486800000,19.203,3
1612573200000,22.908,1
1612659600000,17.726,2
1612832400000,19.36,1
1612918800000,19.398,1
1613005200000,17.19,3
1613178000000,17.817,1
1613264400000,26.212,2
1613350800000,16.202,1
1613437200000,13.915,1
1613523600000,16.163,3
1613610000000,17.241,5
1613782800000,15.988,2
1613869200000,15,1
1613955600000,17.65,1
1614042000000,16.945,3
1614301200000,17.083,1
1614387600000,20.246,2
1614474000000,16.109,3
1614560400000,17.83,1
1614646800000,18.21,1
1614733200000,18.334,1
1614906000000,15.811,1
1614992400000,16.944,2
1615078800000,15.797,1
1615338000000,17.907,2
1615424400000,19.593,1
1615510800000,22.316,4
1615597200000,16.42,1
1615770000000,14.95,1
1615856400000,16.307,1
1615942800000,16.302,8
1616374800000,20.621,7
1616547600000,23.62,2
1616720400000,18,1
1616806800000,18.962,2
1616893200000,16.965,6
1616979600000,16.355,2
1617066000000,20.205,1
1617152400000,17.576,2
1617238800000,18.417,6
1617325200000,17.81,2
1617411600000,23.061,4
1617498000000,19.143,2
1617584400000,18.89,1
1617670800000,19.89,2
1617930000000,17.474,3
1618016400000,21.36,1
1618102800000,17.841,3
1618189200000,16.785,1
1618275600000,16.99,2
1618448400000,17.674,5
1618707600000,17.775,2
1618794000000,17.525,2
1618880400000,18,1
1618966800000,15.02,1
1619053200000,18.04,8
1619139600000,15.68,1
1619226000000,23.733,5
1619312400000,18.644,4
1619398800000,24.393,2
1619485200000,19.326,2
1619571600000,21.408,2
1619917200000,22.55,1
1620090000000,20.7,6
1620349200000,37.846,7
1620435600000,21.851,5
1620522000000,24.17,1
1620608400000,19.68,1
1620694800000,24.17,1
1620781200000,22.663,2
1620867600000,21.21,1
1620954000000,21.51,1
1621040400000,21.18,2
1621126800000,18.31,1
1621299600000,21.861,4
1621386000000,20.301,2
1621558800000,20.955,1
1621645200000,19.325,2
1621818000000,18.935,2
1621904400000,20.362,2
1621990800000,18.853,3
1622077200000,19.752,7
1622163600000,21.21,1
1622250000000,19.712,2
1622422800000,18.31,1
1622509200000,24.202,1
1622595600000,18.35,2
1622768400000,19.45,1
1622854800000,21.511,2
1623027600000,22.998,1
1623114000000,22.614,1
1623286800000,81.268,1
1623459600000,18.81,5
1623546000000,20.35,2
1623718800000,18.612,1
1623805200000,18.38,2
1623978000000,18.685,1
1624237200000,18.178,3
1624323600000,17.662,2
1624410000000,20.325,2
1624496400000,21.303,3
1624669200000,17.153,1
1624755600000,18.555,3
1624842000000,18.171,2
1625014800000,18.4,1
1625101200000,17.666,2
1625187600000,19.687,3
1625274000000,17.005,2
1625533200000,17.815,3
1625619600000,18.11,4
1625706000000,16.65,1
1625792400000,16.4,1
1626138000000,15.565,1
1626224400000,15.54,1
1626483600000,21.353,6
1626656400000,15.6,1
1626829200000,18.823,3
1626915600000,15.555,2
1627002000000,17.28,1
1627174800000,15.567,1
1627261200000,15.58,3
1627347600000,16.63,1
1627434000000,15.074,3
1627520400000,14.707,1
1627693200000,17.84,8
1627779600000,15.41,1
1627866000000,19.531,2
1627952400000,15.716,1
1628038800000,16.547,2
1628125200000,19.3,2
1628211600000,14.382,1
1628298000000,15.03,2
1628384400000,17.59,1
1628643600000,14.79,1
1628730000000,22.384,2
1628816400000,16.511,2
1629075600000,16.128,1
1629162000000,15.682,2
1629248400000,13.83,1
1629334800000,12.92,1
1629421200000,14.743,1
1629594000000,14.534,1
1629680400000,14.906,3
1629766800000,10.78,1
1629853200000,14.794,5
1629939600000,13.414,12
1630026000000,17.634,11
1630112400000,15.168,3
1630198800000,14.49,1
1630285200000,14.09,1
1630371600000,15.345,7
1630458000000,13.193,4
1630544400000,14.352,5
1630717200000,17.431,1
1630803600000,16.15,1
1630890000000,16.386,6
1630976400000,13.7,1
1631062800000,14.417,2
1631235600000,19.485,6
1631408400000,14.85,2
1631494800000,16.356,2
1631581200000,17.876,2
1631754000000,18,1
1631926800000,15.809,2
1632013200000,14.202,1
1632272400000,13.94,1
1632358800000,15.225,3
1632445200000,13.621,2
1632531600000,12.834,1
1632618000000,14.48,1
1632704400000,12.615,3
1632963600000,14.327,4
1633050000000,13.02,1
1633136400000,13.05,1
1633222800000,15.604,3
1633309200000,15.186,1
1633395600000,14.36,3
1633482000000,13.31,1
1633568400000,12.415,2
1633741200000,14.17,2
1633827600000,25.007,3
1634000400000,13.84,1
1634086800000,13.8,2
1634259600000,15.68,1
1634346000000,14.753,15
1634432400000,19.267,9
1634691600000,21.015,1
1634864400000,17.703,6
1634950800000,15.485,3
1635123600000,14.169,3
1635210000000,14.476,1
1635296400000,15.65,1
1635469200000,16.9,1
1635642000000,12.85,1
1635728400000,14.337,4
1635814800000,13.376,1
1635901200000,15.36,1
1635987600000,15.733,2
1636074000000,13.855,3
1636160400000,14.869,4
1636246800000,16.512,4
1636333200000,13.496,2
1636506000000,13.348,2
1636592400000,12.784,3
1636765200000,12.51,2
1636851600000,12.991,1
1636938000000,13.15,1
1637024400000,12.265,6
1637110800000,15.48,2
1637197200000,12.3,1
1637456400000,15.569,6
1637542800000,10.943,1
1637715600000,16.02,1
1637802000000,12.798,2
1637888400000,18.577,2
1637974800000,16.133,1
1638061200000,15.92,2
1638147600000,16.26,1
1638234000000,17.831,5
1638320400000,19.92,1
1638493200000,17.94,1
1638666000000,18.004,2
1638838800000,18.794,1
1639011600000,17.107,2
1639098000000,18.805,1
1639270800000,17.245,2
1639357200000,15.98,1
1639530000000,16.932,2
1639702800000,15.18,1
1639789200000,16.645,2
1639875600000,15.23,1
1639962000000,14.61,1
1640048400000,14.29,1
1640134800000,16.361,1
1640394000000,15.186,5
1640480400000,13.013,1
1640653200000,16.226,1
1640739600000,16.207,4
1640826000000,18.241,1
1640912400000,14.23,1
1641258000000,14.76,1
1641430800000,15.617,5
1641517200000,14.964,2
1641776400000,15.717,3
1641862800000,15.467,2
1641949200000,15.759,1
1642122000000,14.8,2
1642208400000,15.148,10
1642294800000,14.366,1
1642381200000,18.33,5
1642554000000,15.4,2
1642640400000,14.677,2
1642726800000,15.971,3
1642899600000,13.427,3
1642986000000,15.025,3
1643072400000,16.311,3
1643158800000,14.345,2
1643331600000,15.445,2
1643418000000,17.341,3
1643590800000,16.418,3
1643677200000,16.875,2
1643763600000,15.525,2
1643850000000,16.8,1
1643936400000,17.215,2
1644022800000,14.812,2
1644282000000,14.925,4
1644368400000,14.812,1
1644454800000,14.81,1
1644541200000,14.955,3
1644714000000,15.69,2
1644886800000,20.075,5
1644973200000,16.914,1
1645059600000,14.403,3
1645146000000,13.66,1
1645318800000,14.578,2
1645405200000,13.38,1
1645578000000,15.455,2
1645750800000,15.254,1
1645923600000,15.295,1
1646010000000,14.626,9
1646096400000,17.101,1
1646182800000,13.85,1
1646355600000,15.998,9
1646442000000,17.002,1
1646528400000,17.586,2
1646614800000,20.59,4
1646701200000,18.819,2
1646787600000,17.545,1
1646874000000,19.424,2
1646960400000,22.503,2
1647046800000,16.42,1
1647133200000,17.33,1
1647219600000,16.863,2
1647392400000,18.396,1
1647478800000,18.45,2
1647565200000,18.087,3
1647651600000,17.398,3
1647738000000,15.976,4
1647824400000,15.744,3
1647910800000,17.767,4
1647997200000,17.075,4
1648170000000,15.791,3
1648256400000,17.032,4
1648342800000,19.057,2
1648429200000,15.583,1
1648602000000,17.556,2
1648688400000,15.61,1
1648774800000,15.622,1
1648861200000,21.105,8
1648947600000,15.69,1
1649120400000,14.946,1
1649293200000,16.93,3
1649379600000,17.845,1
1649466000000,18.905,4
1649552400000,16.35,1
1649898000000,16.338,1
1649984400000,19.15,2
1650070800000,18.17,1
1650157200000,18.68,1
1650243600000,17.8,1
1650330000000,17.242,4
1650416400000,17.991,3
1650502800000,17.17,1
1650675600000,16.11,2
1650762000000,17.628,2
1650848400000,34.45,2
1650934800000,16.3,1
1651107600000,17.84,3
1651194000000,17.982,2
1651280400000,28.126,1
1651366800000,14.935,1
1651453200000,17.541,3
1651798800000,17.33,1
1651971600000,16.2,3
1652058000000,16.645,2
1652144400000,16.17,2
1652317200000,17.504,2
1652490000000,16.711,3
1652662800000,17.491,2
1652749200000,19.071,1
1653008400000,17.15,1
1653094800000,19.204,1
1653267600000,15.856,3
1653354000000,16.107,3
1653440400000,15.965,2
1653526800000,20.852,1
1653786000000,15.03,1
1653872400000,15.6,1
1654131600000,16.474,3
1654218000000,15.27,1
1654304400000,17.399,1
1654390800000,14.561,2
1654477200000,17.48,1
1654650000000,15.3,1
1654736400000,17.311,1
1654822800000,11.5,1
1654909200000,18.872,10
1654995600000,21.792,1
1655168400000,19.056,2
1655341200000,15.524,2
1655427600000,16.481,1
1655514000000,16.395,2
1655600400000,17.756,2
1655859600000,14.938,3
1656032400000,16.727,6
1656205200000,15.064,2
1656291600000,13.19,2
1656378000000,17.905,1
1656464400000,14.005,1
1656637200000,13.98,1
1656723600000,17.87,1
1656896400000,15,1
1657069200000,17.45,1
1657155600000,15.22,1
1657242000000,16.08,2
1657328400000,15.335,3
1657414800000,17.2,1
1657501200000,14.54,1
1657587600000,14.595,2
1657674000000,6.832,1
1657760400000,15.441,2
1658019600000,16.951,1
1658106000000,16.99,1
1658192400000,14.621,2
1658451600000,13.71,3
1658538000000,11.69,1
1658624400000,14.78,1
1658710800000,15.375,2
1658970000000,15.37,1
1659229200000,15.456,1
1659402000000,15.775,2
1659574800000,17.868,7
1659747600000,20.283,1
1659834000000,15.55,1
1659920400000,17.89,1
1660006800000,17.89,1
1660179600000,12.67,2
1660352400000,16.511,2
1660611600000,17.006,1
1660784400000,15,1
1660870800000,15.32,1
1660957200000,17.491,2
1661043600000,15.08,1
1661130000000,15.635,4
1661216400000,16.58,1
1661389200000,13.71,1
1661475600000,13.775,2
1661562000000,16.974,1
1661648400000,13.798,1
1661734800000,16.37,3
1661821200000,14.98,1
1661907600000,15.041,2
1662166800000,15.824,2
1662253200000,16.858,2
1662339600000,18.43,3
1662426000000,18.936,1
1662685200000,16.9,1
1662771600000,16.88,1
1662858000000,28.969,1
1662944400000,20.31,2
1663117200000,17.7,2
1663290000000,15.98,1
1663635600000,17.406,5
1663722000000,17.3,1
1663808400000,18.103,2
1663894800000,16.433,2
1663981200000,27.16,1
1664499600000,18.58,1
1664586000000,16.82,1
1664845200000,16.981,1
1664931600000,16.98,1
1665104400000,19.747,2
1665190800000,19.47,1
1665277200000,16.75,1
1665363600000,18.23,2
1665709200000,24.153,2
1665795600000,19.686,3
1666141200000,17.94,1
1666227600000,18.806,3
1666573200000,18.729,2
1666659600000,16.88,1
1666832400000,17.1,1
1667005200000,16.8,1
1667091600000,18.383,3
1667523600000,18.58,1
1667610000000,17.649,1
1667869200000,17.813,2
1668560400000,17.77,1
1668646800000,17.73,1
1669251600000,14.766,1
1669424400000,21.47,1
1669510800000,16.92,1
1669597200000,20.727,4
1669770000000,15.317,2
1669856400000,16.37,1
1670029200000,22.191,4
1670202000000,16.112,1
1670461200000,16.18,1
1670893200000,20.25,1
1671152400000,19.94,1
1671411600000,20.215,2
1671670800000,22.962,1
1671930000000,17.84,1
1672102800000,17.79,1
1672448400000,14.066,2
1672794000000,15.821,1
1672966800000,20.724,4
1673053200000,16.535,2
1673139600000,15.388,5
1673226000000,17.822,1
1673830800000,22.297,1
1674003600000,19.941,4
1674176400000,23.225,3
1674262800000,18.525,1
1674349200000,22.562,1
1674522000000,18.536,2
1674954000000,19.759,2
1675040400000,21.492,1
1675126800000,18.51,1
1675213200000,21.888,1
1675472400000,19.46,2
1675645200000,19.38,1
1675731600000,17.79,1
1675818000000,18.03,1
1675904400000,19.83,1
1676077200000,20.098,3
1676163600000,15.55,1
1676250000000,21.69,1
1676336400000,20.15,2
1676422800000,16.02,1
1676509200000,19.646,2
1676595600000,20.372,1
1676682000000,20.818,1
1676768400000,21.248,2
1676854800000,18.52,1
1677027600000,18.49,2
1677114000000,17.902,4
1677286800000,20.39,1
1677459600000,20.419,1
1677718800000,17.66,2
1677805200000,19.86,1
1677891600000,18.4,2
1678064400000,20.656,2
1678150800000,18.846,3
1678323600000,24.833,1
1678496400000,19.18,1
1678582800000,18.685,4
1678669200000,21.041,2
1678755600000,21.093,1
1678842000000,19.953,3
1679014800000,21.935,1
1679360400000,19.902,2
1679446800000,21.4,1
1679533200000,19.23,1
1679619600000,19.888,3
1679792400000,21.44,3
1679878800000,21.496,2
1679965200000,21.983,1
1680138000000,22.04,2
1680224400000,22.885,3
1680397200000,25.99,1
1680483600000,24.874,2
1680570000000,41.452,3
1680829200000,26.899,3
1681088400000,32.697,2
1681174800000,26.564,5
1681347600000,24.596,3
1681520400000,29.777,3
1681606800000,26.16,1
1681693200000,26.115,2
1681779600000,25.385,2
1681866000000,29.1,1
1681952400000,39,1
1682092800000,25.47,1
1682240400000,25.335,1
1682287200000,26.161,1
1682326800000,25.23,1
1682341200000,25.884,1
1682359200000,23.07,1
1682370000000,23.07,1
1682398800000,21.305,2
1682402400000,25.35,1
1682420400000,25.349,2
1682542800000,23.19,1
1682647200000,20.2,1
1682672400000,20.61,1
1682690400000,21.39,1
1682697600000,23.65,1
1682809200000,27.793,1
1682816400000,25.012,1
1682856000000,27.551,1
1682913600000,23,1
1682949600000,27.714,1
1683043200000,27.754,1
1683262800000,21,1
1683270000000,28.74,1
1683295200000,22.02,1
1683356400000,21.5,1
1683392400000,22,1
1683417600000,17.995,1
1683493200000,22.05,1
1683511200000,21.94,1
1683565200000,23.99,1
1683608400000,20.42,1
1683655200000,21.48,2
1683712800000,20.93,1
1683770400000,18,1
1683784800000,21.505,1
1683896400000,20.837,1
1683914400000,20.85,1
1683950400000,18.02,1
1684029600000,20.6,1
1684098000000,20.616,2
1684105200000,20.635,1
1684108800000,18.98,1
1684220400000,21.59,1
1684260000000,20.85,1
1684357200000,26.331,1
1684382400000,25.76,1
1684418400000,27.53,1
1684530000000,28.141,1
1684576800000,20.93,1
